10,186
10,150
10,262
10,148
10,200
10,86
10,192
10,90
9,4
9,6
8,10
8,12
20,3
20,2
20,1
19,3
19,2
19,1
12,3
12,2
12,1
11,29
11,28
11,27
11,26
11,25
11,24
11,23
11,22
11,21
11,20
11,19
11,18
11,17
11,16
11,15
11,14
11,13
11,12
11,11
11,10
11,9
11,8
11,7
11,6
11,5
11,4
11,3
11,2
11,1
11,0
10,310
10,307
10,306
10,303
10,298
10,296
10,287
10,273
10,269
10,265
10,263
10,213
18,1
10,193
18,3
10,133
10,115
10,91
10,87
10,81
14,1
10,73
14,3
13,1
10,33
13,3
10,31
10,3
10,2
10,1
9,7
9,5
9,3
9,2
9,1
8,18
8,17
8,15
8,14
8,9
